
[NumberOfWaves] 80
=================================
1.0389856      15.5676    0.0      3.02089
0.0420017      17.5676    -0.261792      0.41795
0.044289      17.5676    -0.174528       5.6407
0.0457169      17.5676   -0.0872639       3.1241
0.0462025      17.5676            0       4.8461
0.0457169      17.5676    0.0872639     0.379256
0.044289      17.5676     0.174528      1.64902
0.0420017      17.5676     0.261792      4.09067
0.0389856      17.5676     0.349056     0.839433
0.0547959      16.1491    -0.349056      4.01198
0.0613835      16.1491    -0.261792       2.4186
0.0665477      16.1491    -0.174528      4.81088
0.0698439      16.1491   -0.0872639      4.10227
0.0709771      16.1491            0       2.3969
0.0698439      16.1491    0.0872639      1.88502
0.0665477      16.1491     0.174528       2.1371
0.0613835      16.1491     0.261792      5.77362
0.0547959      16.1491     0.349056      2.86672
0.0680015      14.9425    -0.349056      2.78021
0.0803918      14.9425    -0.261792      2.85365
0.09056      14.9425    -0.174528      5.93921
0.0972506      14.9425   -0.0872639      1.37672
0.0995858      14.9425            0      5.54414
0.0972506      14.9425    0.0872639     0.124877
0.09056      14.9425     0.174528      2.14731
0.0803918      14.9425     0.261792      4.81295
0.0680015      14.9425     0.349056      2.15384
0.0881568      13.9037    -0.349056      3.88796
0.112067      13.9037    -0.261792      2.84633
0.132934      13.9037    -0.174528    0.0638516
0.147237      13.9037   -0.0872639      3.76403
0.152332      13.9037            0      3.77965
0.147237      13.9037    0.0872639      4.08029
0.132934      13.9037     0.174528      2.15331
0.112067      13.9037     0.261792       3.0994
0.0881568      13.9037     0.349056      4.40925
0.0949262           13    -0.349056      5.57806
0.132811           13    -0.261792     0.345928
0.168659           13    -0.174528     0.618008
0.194589           13   -0.0872639      4.08259
0.204077           13            0      4.80066
0.194589           13    0.0872639      6.20735
0.168659           13     0.174528     0.787416
0.132811           13     0.261792      2.29001
0.0949262           13     0.349056      4.24875
0.0882743      12.2066    -0.349056      2.36089
0.117608      12.2066    -0.261792      5.42511
0.144243      12.2066    -0.174528      1.83449
0.162988      12.2066   -0.0872639     0.838623
0.169754      12.2066            0      4.22626
0.162988      12.2066    0.0872639      1.27284
0.144243      12.2066     0.174528      5.45688
0.117608      12.2066     0.261792      4.71952
0.0882743      12.2066     0.349056      2.63496
0.0701301      11.5044    -0.349056   0.00145178
0.0898159      11.5044    -0.261792     0.939081
0.107105      11.5044    -0.174528       1.7205
0.119005      11.5044   -0.0872639      5.48145
0.123253      11.5044            0      3.77766
0.119005      11.5044    0.0872639      2.01803
0.107105      11.5044     0.174528      1.78621
0.0898159      11.5044     0.261792      2.73509
0.0701301      11.5044     0.349056      5.67832
0.059513      10.8787    -0.349056      5.81244
0.0737972      10.8787    -0.261792      3.17475
0.0860039      10.8787    -0.174528       3.9431
0.0942549      10.8787   -0.0872639      4.51914
0.0971737      10.8787            0     0.150245
0.0942549      10.8787    0.0872639       3.6123
0.0860039      10.8787     0.174528     0.292376
0.0737972      10.8787     0.261792      2.65476
0.059513      10.8787     0.349056      2.93877
0.0549595      10.3175    -0.349056     0.142172
0.0663565      10.3175    -0.261792      0.40886
0.0758783      10.3175    -0.174528      5.80522
0.0822183      10.3175   -0.0872639      3.35602
0.0844444      10.3175            0      2.30458
0.0822183      10.3175    0.0872639      2.28667
0.0758783      10.3175     0.174528     0.951081
0.0663565      10.3175     0.261792     0.939991
0.0549595      10.3175     0.349056      2.20409
0.052057      9.8113    -0.34906      2.1109
0.061468      9.8113    -0.26179       4.926
0.069183      9.8113    -0.17453      3.0582
0.074256      9.8113   -0.087264      2.9203
0.076026      9.8113           0     0.82466
0.074256      9.8113    0.087264      5.5692
0.069183      9.8113     0.17453      4.2382
0.061468      9.8113     0.26179      5.2473
0.052057      9.8113     0.34906      4.1247
