0.000000000000000000e+00 9.999999567230641873e+00
5.000000000000000000e-01 9.999999551947780674e+00
1.000000000000000000e+00 9.999999536141324086e+00
1.500000000000000000e+00 9.999999519793920655e+00
2.000000000000000000e+00 9.999999502887659375e+00
2.500000000000000000e+00 9.999999485404060806e+00
3.000000000000000000e+00 9.999999467324052205e+00
3.500000000000000000e+00 9.999999448627960419e+00
4.000000000000000000e+00 9.999999429295481690e+00
4.500000000000000000e+00 9.999999409305669218e+00
5.000000000000000000e+00 9.999999388636910069e+00
5.500000000000000000e+00 9.999999367266909189e+00
6.000000000000000000e+00 9.999999345172662757e+00
6.500000000000000000e+00 9.999999322330443974e+00
7.000000000000000000e+00 9.999999298715776419e+00
7.500000000000000000e+00 9.999999274303407404e+00
8.000000000000000000e+00 9.999999249067297313e+00
8.500000000000000000e+00 9.999999222980580527e+00
9.000000000000000000e+00 9.999999196015551206e+00
9.500000000000000000e+00 9.999999168143634876e+00
1.000000000000000000e+01 9.999999139335361775e+00
1.050000000000000000e+01 9.999999109560336663e+00
1.100000000000000000e+01 9.999999078787222828e+00
1.150000000000000000e+01 9.999999046983697681e+00
1.200000000000000000e+01 9.999999014116434992e+00
1.250000000000000000e+01 9.999998980151069361e+00
1.300000000000000000e+01 9.999998945052171351e+00
1.350000000000000000e+01 9.999998908783206630e+00
1.400000000000000000e+01 9.999998871306511106e+00
1.450000000000000000e+01 9.999998832583253616e+00
1.500000000000000000e+01 9.999998792573403961e+00
1.550000000000000000e+01 9.999998751235692040e+00
1.600000000000000000e+01 9.999998708527575886e+00
1.650000000000000000e+01 9.999998664405206128e+00
1.700000000000000000e+01 9.999998618823379815e+00
1.750000000000000000e+01 9.999998571735508435e+00
1.800000000000000000e+01 9.999998523093573510e+00
1.850000000000000000e+01 9.999998472848082187e+00
1.900000000000000000e+01 9.999998420948029931e+00
1.950000000000000000e+01 9.999998367340852568e+00
2.000000000000000000e+01 9.999998311972380094e+00
2.050000000000000000e+01 9.999998254786790497e+00
2.100000000000000000e+01 9.999998195726565342e+00
2.150000000000000000e+01 9.999998134732434707e+00
2.200000000000000000e+01 9.999998071743330996e+00
2.250000000000000000e+01 9.999998006696330322e+00
2.300000000000000000e+01 9.999997939526606316e+00
2.350000000000000000e+01 9.999997870167373293e+00
2.400000000000000000e+01 9.999997798549822292e+00
2.450000000000000000e+01 9.999997724603076676e+00
2.500000000000000000e+01 9.999997648254117522e+00
2.550000000000000000e+01 9.999997569427730326e+00
2.600000000000000000e+01 9.999997488046444616e+00
2.650000000000000000e+01 9.999997404030461112e+00
2.700000000000000000e+01 9.999997317297591337e+00
2.750000000000000000e+01 9.999997227763184782e+00
2.800000000000000000e+01 9.999997135340061405e+00
2.850000000000000000e+01 9.999997039938442356e+00
2.900000000000000000e+01 9.999996941465868261e+00
2.950000000000000000e+01 9.999996839827131723e+00
3.000000000000000000e+01 9.999996734924190278e+00
3.050000000000000000e+01 9.999996626656095344e+00
3.100000000000000000e+01 9.999996514918901624e+00
3.150000000000000000e+01 9.999996399605588948e+00
3.200000000000000000e+01 9.999996280605973453e+00
3.250000000000000000e+01 9.999996157806613439e+00
3.300000000000000000e+01 9.999996031090727655e+00
3.350000000000000000e+01 9.999995900338090493e+00
3.400000000000000000e+01 9.999995765424946725e+00
3.450000000000000000e+01 9.999995626223903145e+00
3.500000000000000000e+01 9.999995482603830865e+00
3.550000000000000000e+01 9.999995334429760518e+00
3.600000000000000000e+01 9.999995181562777447e+00
3.650000000000000000e+01 9.999995023859906240e+00
3.700000000000000000e+01 9.999994861174004157e+00
3.750000000000000000e+01 9.999994693353642106e+00
3.800000000000000000e+01 9.999994520242987406e+00
3.850000000000000000e+01 9.999994341681681220e+00
3.900000000000000000e+01 9.999994157504710657e+00
3.950000000000000000e+01 9.999993967542284423e+00
4.000000000000000000e+01 9.999993771619703153e+00
4.050000000000000000e+01 9.999993569557217299e+00
4.100000000000000000e+01 9.999993361169893902e+00
4.150000000000000000e+01 9.999993146267476263e+00
4.200000000000000000e+01 9.999992924654229398e+00
4.250000000000000000e+01 9.999992696128799707e+00
4.300000000000000000e+01 9.999992460484058654e+00
4.350000000000000000e+01 9.999992217506942893e+00
4.400000000000000000e+01 9.999991966978296176e+00
4.450000000000000000e+01 9.999991708672702373e+00
4.500000000000000000e+01 9.999991442358316718e+00
4.550000000000000000e+01 9.999991167796689950e+00
4.600000000000000000e+01 9.999990884742590680e+00
4.650000000000000000e+01 9.999990592943824197e+00
4.700000000000000000e+01 9.999990292141044179e+00
4.750000000000000000e+01 9.999989982067557293e+00
4.800000000000000000e+01 9.999989662449129568e+00
4.850000000000000000e+01 9.999989333003782122e+00
4.900000000000000000e+01 9.999988993441585095e+00
4.950000000000000000e+01 9.999988643464446270e+00
5.000000000000000000e+01 9.999988282765887249e+00
5.050000000000000000e+01 9.999987911030830290e+00
5.100000000000000000e+01 9.999987527935358500e+00
5.150000000000000000e+01 9.999987133146492013e+00
5.200000000000000000e+01 9.999986726321935748e+00
5.250000000000000000e+01 9.999986307109844930e+00
5.300000000000000000e+01 9.999985875148565739e+00
5.350000000000000000e+01 9.999985430066374192e+00
5.400000000000000000e+01 9.999984971481220342e+00
5.450000000000000000e+01 9.999984499000447613e+00
5.500000000000000000e+01 9.999984012220519247e+00
5.550000000000000000e+01 9.999983510726730529e+00
5.600000000000000000e+01 9.999982994092919242e+00
5.650000000000000000e+01 9.999982461881163687e+00
5.700000000000000000e+01 9.999981913641478926e+00
5.750000000000000000e+01 9.999981348911498813e+00
5.800000000000000000e+01 9.999980767216159805e+00
5.850000000000000000e+01 9.999980168067365227e+00
5.900000000000000000e+01 9.999979550963651320e+00
5.950000000000000000e+01 9.999978915389842626e+00
6.000000000000000000e+01 9.999978260816693165e+00
6.050000000000000000e+01 9.999977586700529386e+00
6.100000000000000000e+01 9.999976892482873581e+00
6.150000000000000000e+01 9.999976177590070847e+00
6.200000000000000000e+01 9.999975441432891188e+00
6.250000000000000000e+01 9.999974683406136933e+00
6.300000000000000000e+01 9.999973902888232402e+00
6.350000000000000000e+01 9.999973099240804686e+00
6.400000000000000000e+01 9.999972271808260871e+00
6.450000000000000000e+01 9.999971419917343951e+00
6.500000000000000000e+01 9.999970542876686963e+00
6.550000000000000000e+01 9.999969639976356461e+00
6.600000000000000000e+01 9.999968710487381784e+00
6.650000000000000000e+01 9.999967753661270109e+00
6.700000000000000000e+01 9.999966768729517952e+00
6.750000000000000000e+01 9.999965754903110238e+00
6.800000000000000000e+01 9.999964711371999826e+00
6.850000000000000000e+01 9.999963637304581709e+00
6.900000000000000000e+01 9.999962531847156555e+00
6.950000000000000000e+01 9.999961394123374703e+00
7.000000000000000000e+01 9.999960223233669510e+00
7.050000000000000000e+01 9.999959018254687138e+00
7.100000000000000000e+01 9.999957778238686146e+00
7.150000000000000000e+01 9.999956502212940634e+00
7.200000000000000000e+01 9.999955189179111414e+00
7.250000000000000000e+01 9.999953838112624283e+00
7.300000000000000000e+01 9.999952447962012769e+00
7.350000000000000000e+01 9.999951017648262663e+00
7.400000000000000000e+01 9.999949546064128114e+00
7.450000000000000000e+01 9.999948032073444182e+00
7.500000000000000000e+01 9.999946474510414518e+00
7.550000000000000000e+01 9.999944872178890165e+00
7.600000000000000000e+01 9.999943223851621710e+00
7.650000000000000000e+01 9.999941528269509661e+00
7.700000000000000000e+01 9.999939784140824628e+00
7.750000000000000000e+01 9.999937990140415067e+00
7.800000000000000000e+01 9.999936144908899038e+00
7.850000000000000000e+01 9.999934247051834646e+00
7.900000000000000000e+01 9.999932295138872718e+00
7.950000000000000000e+01 9.999930287702893494e+00
8.000000000000000000e+01 9.999928223239118452e+00
8.050000000000000000e+01 9.999926100204209689e+00
8.100000000000000000e+01 9.999923917015344443e+00
8.150000000000000000e+01 9.999921672049266519e+00
8.200000000000000000e+01 9.999919363641327053e+00
8.250000000000000000e+01 9.999916990084491530e+00
8.300000000000000000e+01 9.999914549628334370e+00
8.350000000000000000e+01 9.999912040478008635e+00
8.400000000000000000e+01 9.999909460793192650e+00
8.450000000000000000e+01 9.999906808687011761e+00
8.500000000000000000e+01 9.999904082224944091e+00
8.550000000000000000e+01 9.999901279423690781e+00
8.600000000000000000e+01 9.999898398250033793e+00
8.650000000000000000e+01 9.999895436619663514e+00
8.700000000000000000e+01 9.999892392395972607e+00
8.750000000000000000e+01 9.999889263388849869e+00
8.800000000000000000e+01 9.999886047353411911e+00
8.850000000000000000e+01 9.999882741988741941e+00
8.900000000000000000e+01 9.999879344936575265e+00
8.950000000000000000e+01 9.999875853779979451e+00
9.000000000000000000e+01 9.999872266041981206e+00
9.050000000000000000e+01 9.999868579184195028e+00
9.100000000000000000e+01 9.999864790605389686e+00
9.150000000000000000e+01 9.999860897640052926e+00
9.200000000000000000e+01 9.999856897556904656e+00
9.250000000000000000e+01 9.999852787557395928e+00
9.300000000000000000e+01 9.999848564774163506e+00
9.350000000000000000e+01 9.999844226269461345e+00
9.400000000000000000e+01 9.999839769033552983e+00
9.450000000000000000e+01 9.999835189983071970e+00
9.500000000000000000e+01 9.999830485959352089e+00
9.550000000000000000e+01 9.999825653726720276e+00
9.600000000000000000e+01 9.999820689970750465e+00
9.650000000000000000e+01 9.999815591296494333e+00
9.700000000000000000e+01 9.999810354226653430e+00
9.750000000000000000e+01 9.999804975199742429e+00
9.800000000000000000e+01 9.999799450568186643e+00
9.850000000000000000e+01 9.999793776596407113e+00
9.900000000000000000e+01 9.999787949458839975e+00
9.950000000000000000e+01 9.999781965237939829e+00
1.000000000000000000e+02 9.999775819922128051e+00
1.005000000000000000e+02 9.999769509403703793e+00
1.010000000000000000e+02 9.999763029476717691e+00
1.015000000000000000e+02 9.999756375834788713e+00
1.020000000000000000e+02 9.999749544068901486e+00
1.025000000000000000e+02 9.999742529665132551e+00
1.030000000000000000e+02 9.999735328002351764e+00
1.035000000000000000e+02 9.999727934349866842e+00
1.040000000000000000e+02 9.999720343865027061e+00
1.045000000000000000e+02 9.999712551590777210e+00
1.050000000000000000e+02 9.999704552453161810e+00
1.055000000000000000e+02 9.999696341258784926e+00
1.060000000000000000e+02 9.999687912692220237e+00
1.065000000000000000e+02 9.999679261313360712e+00
1.070000000000000000e+02 9.999670381554727427e+00
1.075000000000000000e+02 9.999661267718726876e+00
1.080000000000000000e+02 9.999651913974842543e+00
1.085000000000000000e+02 9.999642314356787409e+00
1.090000000000000000e+02 9.999632462759594276e+00
1.095000000000000000e+02 9.999622352936647474e+00
1.100000000000000000e+02 9.999611978496659503e+00
1.105000000000000000e+02 9.999601332900601491e+00
1.110000000000000000e+02 9.999590409458551932e+00
1.115000000000000000e+02 9.999579201326509903e+00
1.120000000000000000e+02 9.999567701503126571e+00
1.125000000000000000e+02 9.999555902826395837e+00
1.130000000000000000e+02 9.999543797970263270e+00
1.135000000000000000e+02 9.999531379441185308e+00
1.140000000000000000e+02 9.999518639574617396e+00
1.145000000000000000e+02 9.999505570531436405e+00
1.150000000000000000e+02 9.999492164294302654e+00
1.155000000000000000e+02 9.999478412663941995e+00
1.160000000000000000e+02 9.999464307255374607e+00
1.165000000000000000e+02 9.999449839494067405e+00
1.170000000000000000e+02 9.999435000612002966e+00
1.175000000000000000e+02 9.999419781643702265e+00
1.180000000000000000e+02 9.999404173422153264e+00
1.185000000000000000e+02 9.999388166574675552e+00
1.190000000000000000e+02 9.999371751518703277e+00
1.195000000000000000e+02 9.999354918457498798e+00
1.200000000000000000e+02 9.999337657375782840e+00
1.205000000000000000e+02 9.999319958035295386e+00
1.210000000000000000e+02 9.999301809970258859e+00
1.215000000000000000e+02 9.999283202482779132e+00
1.220000000000000000e+02 9.999264124638157725e+00
1.225000000000000000e+02 9.999244565260109852e+00
1.230000000000000000e+02 9.999224512925922070e+00
1.235000000000000000e+02 9.999203955961496249e+00
1.240000000000000000e+02 9.999182882436329578e+00
1.245000000000000000e+02 9.999161280158389786e+00
1.250000000000000000e+02 9.999139136668908634e+00
1.255000000000000000e+02 9.999116439237086595e+00
1.260000000000000000e+02 9.999093174854701616e+00
1.265000000000000000e+02 9.999069330230623720e+00
1.270000000000000000e+02 9.999044891785231925e+00
1.275000000000000000e+02 9.999019845644747662e+00
1.280000000000000000e+02 9.998994177635458058e+00
1.285000000000000000e+02 9.998967873277845086e+00
1.290000000000000000e+02 9.998940917780615223e+00
1.295000000000000000e+02 9.998913296034627862e+00
1.300000000000000000e+02 9.998884992606713595e+00
1.305000000000000000e+02 9.998855991733408999e+00
1.310000000000000000e+02 9.998826277314552868e+00
1.315000000000000000e+02 9.998795832906813175e+00
1.320000000000000000e+02 9.998764641717073687e+00
1.325000000000000000e+02 9.998732686595724672e+00
1.330000000000000000e+02 9.998699950029848793e+00
1.335000000000000000e+02 9.998666414136282654e+00
1.340000000000000000e+02 9.998632060654566445e+00
1.345000000000000000e+02 9.998596870939783443e+00
1.350000000000000000e+02 9.998560825955278730e+00
1.355000000000000000e+02 9.998523906265258887e+00
1.360000000000000000e+02 9.998486092027270900e+00
1.365000000000000000e+02 9.998447362984565601e+00
1.370000000000000000e+02 9.998407698458327886e+00
1.375000000000000000e+02 9.998367077339795017e+00
1.380000000000000000e+02 9.998325478082234596e+00
1.385000000000000000e+02 9.998282878692808850e+00
1.390000000000000000e+02 9.998239256724296808e+00
1.395000000000000000e+02 9.998194589266701016e+00
1.400000000000000000e+02 9.998148852938699704e+00
1.405000000000000000e+02 9.998102023878994160e+00
1.410000000000000000e+02 9.998054077737496215e+00
1.415000000000000000e+02 9.998004989666386066e+00
1.420000000000000000e+02 9.997954734311042202e+00
1.425000000000000000e+02 9.997903285800811446e+00
1.430000000000000000e+02 9.997850617739656442e+00
1.435000000000000000e+02 9.997796703196652146e+00
1.440000000000000000e+02 9.997741514696325993e+00
1.445000000000000000e+02 9.997685024208879057e+00
1.450000000000000000e+02 9.997627203140227792e+00
1.455000000000000000e+02 9.997568022321921433e+00
1.460000000000000000e+02 9.997507452000890638e+00
1.465000000000000000e+02 9.997445461829052249e+00
1.470000000000000000e+02 9.997382020852761286e+00
1.475000000000000000e+02 9.997317097502094185e+00
1.480000000000000000e+02 9.997250659579993481e+00
1.485000000000000000e+02 9.997182674251234857e+00
1.490000000000000000e+02 9.997113108031241424e+00
1.495000000000000000e+02 9.997041926774736353e+00
1.500000000000000000e+02 9.996969095664233862e+00
1.505000000000000000e+02 9.996894579198349007e+00
1.510000000000000000e+02 9.996818341179960044e+00
1.515000000000000000e+02 9.996740344704189596e+00
1.520000000000000000e+02 9.996660552146217071e+00
1.525000000000000000e+02 9.996578925148916994e+00
1.530000000000000000e+02 9.996495424610332137e+00
1.535000000000000000e+02 9.996410010670956581e+00
1.540000000000000000e+02 9.996322642700853578e+00
1.545000000000000000e+02 9.996233279286590445e+00
1.550000000000000000e+02 9.996141878217990495e+00
1.555000000000000000e+02 9.996048396474703779e+00
1.560000000000000000e+02 9.995952790212600192e+00
1.565000000000000000e+02 9.995855014749968959e+00
1.570000000000000000e+02 9.995755024553533374e+00
1.575000000000000000e+02 9.995652773224280807e+00
1.580000000000000000e+02 9.995548213483102629e+00
1.585000000000000000e+02 9.995441297156229865e+00
1.590000000000000000e+02 9.995331975160500093e+00
1.595000000000000000e+02 9.995220197488402292e+00
1.600000000000000000e+02 9.995105913192951164e+00
1.605000000000000000e+02 9.994989070372341189e+00
1.610000000000000000e+02 9.994869616154414160e+00
1.615000000000000000e+02 9.994747496680929544e+00
1.620000000000000000e+02 9.994622657091616347e+00
1.625000000000000000e+02 9.994495041508040245e+00
1.630000000000000000e+02 9.994364593017255771e+00
1.635000000000000000e+02 9.994231253655247116e+00
1.640000000000000000e+02 9.994094964390173530e+00
1.645000000000000000e+02 9.993955665105398012e+00
1.650000000000000000e+02 9.993813294582304607e+00
1.655000000000000000e+02 9.993667790482902547e+00
1.660000000000000000e+02 9.993519089332229655e+00
1.665000000000000000e+02 9.993367126500519504e+00
1.670000000000000000e+02 9.993211836185171393e+00
1.675000000000000000e+02 9.993053151392498279e+00
1.680000000000000000e+02 9.992891003919243786e+00
1.685000000000000000e+02 9.992725324333900261e+00
1.690000000000000000e+02 9.992556041957790569e+00
1.695000000000000000e+02 9.992383084845931407e+00
1.700000000000000000e+02 9.992206379767678115e+00
1.705000000000000000e+02 9.992025852187138568e+00
1.710000000000000000e+02 9.991841426243365021e+00
1.715000000000000000e+02 9.991653024730323907e+00
1.720000000000000000e+02 9.991460569076622278e+00
1.725000000000000000e+02 9.991263979325031741e+00
1.730000000000000000e+02 9.991063174111753042e+00
1.735000000000000000e+02 9.990858070645472822e+00
1.740000000000000000e+02 9.990648584686185885e+00
1.745000000000000000e+02 9.990434630523770565e+00
1.750000000000000000e+02 9.990216120956349144e+00
1.755000000000000000e+02 9.989992967268401358e+00
1.760000000000000000e+02 9.989765079208654086e+00
1.765000000000000000e+02 9.989532364967729450e+00
1.770000000000000000e+02 9.989294731155554885e+00
1.775000000000000000e+02 9.989052082778545838e+00
1.780000000000000000e+02 9.988804323216539771e+00
1.785000000000000000e+02 9.988551354199504573e+00
1.790000000000000000e+02 9.988293075784003605e+00
1.795000000000000000e+02 9.988029386329412063e+00
1.800000000000000000e+02 9.987760182473918391e+00
1.805000000000000000e+02 9.987485359110262806e+00
1.810000000000000000e+02 9.987204809361250213e+00
1.815000000000000000e+02 9.986918424555019769e+00
1.820000000000000000e+02 9.986626094200071080e+00
1.825000000000000000e+02 9.986327705960061252e+00
1.830000000000000000e+02 9.986023145628346143e+00
1.835000000000000000e+02 9.985712297102294244e+00
1.840000000000000000e+02 9.985395042357357198e+00
1.845000000000000000e+02 9.985071261420896960e+00
1.850000000000000000e+02 9.984740832345780248e+00
1.855000000000000000e+02 9.984403631183726091e+00
1.860000000000000000e+02 9.984059531958420663e+00
1.865000000000000000e+02 9.983708406638386990e+00
1.870000000000000000e+02 9.983350125109625495e+00
1.875000000000000000e+02 9.982984555148005867e+00
1.880000000000000000e+02 9.982611562391431548e+00
1.885000000000000000e+02 9.982231010311757302e+00
1.890000000000000000e+02 9.981842760186484753e+00
1.895000000000000000e+02 9.981446671070212773e+00
1.900000000000000000e+02 9.981042599765851620e+00
1.905000000000000000e+02 9.980630400795613255e+00
1.910000000000000000e+02 9.980209926371763629e+00
1.915000000000000000e+02 9.979781026367147589e+00
1.920000000000000000e+02 9.979343548285473986e+00
1.925000000000000000e+02 9.978897337231387610e+00
1.930000000000000000e+02 9.978442235880299549e+00
1.935000000000000000e+02 9.977978084448000828e+00
1.940000000000000000e+02 9.977504720660052229e+00
1.945000000000000000e+02 9.977021979720939626e+00
1.950000000000000000e+02 9.976529694283023275e+00
1.955000000000000000e+02 9.976027694415259717e+00
1.960000000000000000e+02 9.975515807571708748e+00
1.965000000000000000e+02 9.974993858559818349e+00
1.970000000000000000e+02 9.974461669508512429e+00
1.975000000000000000e+02 9.973919059836049428e+00
1.980000000000000000e+02 9.973365846217681963e+00
1.985000000000000000e+02 9.972801842553108642e+00
1.990000000000000000e+02 9.972226859933716270e+00
1.995000000000000000e+02 9.971640706609639082e+00
2.000000000000000000e+02 9.971043187956583509e+00
2.005000000000000000e+02 9.970434106442503719e+00
2.010000000000000000e+02 9.969813261594037357e+00
2.015000000000000000e+02 9.969180449962786739e+00
2.020000000000000000e+02 9.968535465091393988e+00
2.025000000000000000e+02 9.967878097479440314e+00
2.030000000000000000e+02 9.967208134549158771e+00
2.035000000000000000e+02 9.966525360610976492e+00
2.040000000000000000e+02 9.965829556828877500e+00
2.045000000000000000e+02 9.965120501185600332e+00
2.050000000000000000e+02 9.964397968447666898e+00
2.055000000000000000e+02 9.963661730130251470e+00
2.060000000000000000e+02 9.962911554461886254e+00
2.065000000000000000e+02 9.962147206349026618e+00
2.070000000000000000e+02 9.961368447340440468e+00
2.075000000000000000e+02 9.960575035591483939e+00
2.080000000000000000e+02 9.959766725828217204e+00
2.085000000000000000e+02 9.958943269311379964e+00
2.090000000000000000e+02 9.958104413800258570e+00
2.095000000000000000e+02 9.957249903516398604e+00
2.100000000000000000e+02 9.956379479107216213e+00
2.105000000000000000e+02 9.955492877609486868e+00
2.110000000000000000e+02 9.954589832412722217e+00
2.115000000000000000e+02 9.953670073222436798e+00
2.120000000000000000e+02 9.952733326023333049e+00
2.125000000000000000e+02 9.951779313042367292e+00
2.130000000000000000e+02 9.950807752711748222e+00
2.135000000000000000e+02 9.949818359631839471e+00
2.140000000000000000e+02 9.948810844533992892e+00
2.145000000000000000e+02 9.947784914243316123e+00
2.150000000000000000e+02 9.946740271641361986e+00
2.155000000000000000e+02 9.945676615628778805e+00
2.160000000000000000e+02 9.944593641087896785e+00
2.165000000000000000e+02 9.943491038845280627e+00
2.170000000000000000e+02 9.942368495634239522e+00
2.175000000000000000e+02 9.941225694057312268e+00
2.180000000000000000e+02 9.940062312548731072e+00
2.185000000000000000e+02 9.938878025336862265e+00
2.190000000000000000e+02 9.937672502406655894e+00
2.195000000000000000e+02 9.936445409462082878e+00
2.200000000000000000e+02 9.935196407888588155e+00
2.205000000000000000e+02 9.933925154715561590e+00
2.210000000000000000e+02 9.932631302578826649e+00
2.215000000000000000e+02 9.931314499683171704e+00
2.220000000000000000e+02 9.929974389764916864e+00
2.225000000000000000e+02 9.928610612054544760e+00
2.230000000000000000e+02 9.927222801239370398e+00
2.235000000000000000e+02 9.925810587426294518e+00
2.240000000000000000e+02 9.924373596104635098e+00
2.245000000000000000e+02 9.922911448109040577e+00
2.250000000000000000e+02 9.921423759582504331e+00
2.255000000000000000e+02 9.919910141939476844e+00
2.260000000000000000e+02 9.918370201829111110e+00
2.265000000000000000e+02 9.916803541098621722e+00
2.270000000000000000e+02 9.915209756756775406e+00
2.275000000000000000e+02 9.913588440937548540e+00
2.280000000000000000e+02 9.911939180863923227e+00
2.285000000000000000e+02 9.910261558811855664e+00
2.290000000000000000e+02 9.908555152074429273e+00
2.295000000000000000e+02 9.906819532926197880e+00
2.300000000000000000e+02 9.905054268587713651e+00
2.305000000000000000e+02 9.903258921190291275e+00
2.310000000000000000e+02 9.901433047740972881e+00
2.315000000000000000e+02 9.899576200087746969e+00
2.320000000000000000e+02 9.897687924885003596e+00
2.325000000000000000e+02 9.895767763559243591e+00
2.330000000000000000e+02 9.893815252275075522e+00
2.335000000000000000e+02 9.891829921901480915e+00
2.340000000000000000e+02 9.889811297978374327e+00
2.345000000000000000e+02 9.887758900683490282e+00
2.350000000000000000e+02 9.885672244799566855e+00
2.355000000000000000e+02 9.883550839681875644e+00
2.360000000000000000e+02 9.881394189226098135e+00
2.365000000000000000e+02 9.879201791836562663e+00
2.370000000000000000e+02 9.876973140394849082e+00
2.375000000000000000e+02 9.874707722228784235e+00
2.380000000000000000e+02 9.872405019081838873e+00
2.385000000000000000e+02 9.870064507082933147e+00
2.390000000000000000e+02 9.867685656716680853e+00
2.395000000000000000e+02 9.865267932794067107e+00
2.400000000000000000e+02 9.862810794423582550e+00
2.405000000000000000e+02 9.860313694982833610e+00
2.410000000000000000e+02 9.857776082090637715e+00
2.415000000000000000e+02 9.855197397579617657e+00
2.420000000000000000e+02 9.852577077469304001e+00
2.425000000000000000e+02 9.849914551939788154e+00
2.430000000000000000e+02 9.847209245305894143e+00
2.435000000000000000e+02 9.844460575991931250e+00
2.440000000000000000e+02 9.841667956507018644e+00
2.445000000000000000e+02 9.838830793420989096e+00
2.450000000000000000e+02 9.835948487340925084e+00
2.455000000000000000e+02 9.833020432888289974e+00
2.460000000000000000e+02 9.830046018676720010e+00
2.465000000000000000e+02 9.827024627290457559e+00
2.470000000000000000e+02 9.823955635263470043e+00
2.475000000000000000e+02 9.820838413059240324e+00
2.480000000000000000e+02 9.817672325051276516e+00
2.485000000000000000e+02 9.814456729504332344e+00
2.490000000000000000e+02 9.811190978556370013e+00
2.495000000000000000e+02 9.807874418201278033e+00
2.500000000000000000e+02 9.804506388272359985e+00
2.505000000000000000e+02 9.801086222426606653e+00
2.510000000000000000e+02 9.797613248129783514e+00
2.515000000000000000e+02 9.794086786642335341e+00
2.520000000000000000e+02 9.790506153006127477e+00
2.525000000000000000e+02 9.786870656032055749e+00
2.530000000000000000e+02 9.783179598288521461e+00
2.535000000000000000e+02 9.779432276090801679e+00
2.540000000000000000e+02 9.775627979491337882e+00
2.545000000000000000e+02 9.771765992270939449e+00
2.550000000000000000e+02 9.767845591930946370e+00
2.555000000000000000e+02 9.763866049686349413e+00
2.560000000000000000e+02 9.759826630459896180e+00
2.565000000000000000e+02 9.755726592877191905e+00
2.570000000000000000e+02 9.751565189262827005e+00
2.575000000000000000e+02 9.747341665637533126e+00
2.580000000000000000e+02 9.743055261716408566e+00
2.585000000000000000e+02 9.738705210908193521e+00
2.590000000000000000e+02 9.734290740315662660e+00
2.595000000000000000e+02 9.729811070737113710e+00
2.600000000000000000e+02 9.725265416668987584e+00
2.605000000000000000e+02 9.720652986309636034e+00
2.610000000000000000e+02 9.715972981564261701e+00
2.615000000000000000e+02 9.711224598051025225e+00
2.620000000000000000e+02 9.706407025108379827e+00
2.625000000000000000e+02 9.701519445803610253e+00
2.630000000000000000e+02 9.696561036942616951e+00
2.635000000000000000e+02 9.691530969080957902e+00
2.640000000000000000e+02 9.686428406536172986e+00
2.645000000000000000e+02 9.681252507401405083e+00
2.650000000000000000e+02 9.676002423560321475e+00
2.655000000000000000e+02 9.670677300703392376e+00
2.660000000000000000e+02 9.665276278345503513e+00
2.665000000000000000e+02 9.659798489844945379e+00
2.670000000000000000e+02 9.654243062423789823e+00
2.675000000000000000e+02 9.648609117189687723e+00
2.680000000000000000e+02 9.642895769159064656e+00
2.685000000000000000e+02 9.637102127281794495e+00
2.690000000000000000e+02 9.631227294467310074e+00
2.695000000000000000e+02 9.625270367612207778e+00
2.700000000000000000e+02 9.619230437629349595e+00
2.705000000000000000e+02 9.613106589478483954e+00
2.710000000000000000e+02 9.606897902198397787e+00
2.715000000000000000e+02 9.600603448940628226e+00
2.720000000000000000e+02 9.594222297004744604e+00
2.725000000000000000e+02 9.587753507875211412e+00
2.730000000000000000e+02 9.581196137259880174e+00
2.735000000000000000e+02 9.574549235130074720e+00
2.740000000000000000e+02 9.567811845762355105e+00
2.745000000000000000e+02 9.560983007781901577e+00
2.750000000000000000e+02 9.554061754207618051e+00
2.755000000000000000e+02 9.547047112498892929e+00
2.760000000000000000e+02 9.539938104604088309e+00
2.765000000000000000e+02 9.532733747010762926e+00
2.770000000000000000e+02 9.525433050797621704e+00
2.775000000000000000e+02 9.518035021688238118e+00
2.780000000000000000e+02 9.510538660106560016e+00
2.785000000000000000e+02 9.502942961234184693e+00
2.790000000000000000e+02 9.495246915069472493e+00
2.795000000000000000e+02 9.487449506488465190e+00
2.800000000000000000e+02 9.479549715307653557e+00
2.805000000000000000e+02 9.471546516348595901e+00
2.810000000000000000e+02 9.463438879504412427e+00
2.815000000000000000e+02 9.455225769808164316e+00
2.820000000000000000e+02 9.446906147503126405e+00
2.825000000000000000e+02 9.438478968114988987e+00
2.830000000000000000e+02 9.429943182525974521e+00
2.835000000000000000e+02 9.421297737050899457e+00
2.840000000000000000e+02 9.412541573515206039e+00
2.845000000000000000e+02 9.403673629334944550e+00
2.850000000000000000e+02 9.394692837598755730e+00
2.855000000000000000e+02 9.385598127151830283e+00
2.860000000000000000e+02 9.376388422681902313e+00
2.865000000000000000e+02 9.367062644807232275e+00
2.870000000000000000e+02 9.357619710166655835e+00
2.875000000000000000e+02 9.348058531511641789e+00
2.880000000000000000e+02 9.338378017800440745e+00
2.885000000000000000e+02 9.328577074294264193e+00
2.890000000000000000e+02 9.318654602655577435e+00
2.895000000000000000e+02 9.308609501048440649e+00
2.900000000000000000e+02 9.298440664240979814e+00
2.905000000000000000e+02 9.288146983709944848e+00
2.910000000000000000e+02 9.277727347747388720e+00
2.915000000000000000e+02 9.267180641569474631e+00
2.920000000000000000e+02 9.256505747427407726e+00
2.925000000000000000e+02 9.245701544720510867e+00
2.930000000000000000e+02 9.234766910111449789e+00
2.935000000000000000e+02 9.223700717643620095e+00
2.940000000000000000e+02 9.212501838860672976e+00
2.945000000000000000e+02 9.201169142928240063e+00
2.950000000000000000e+02 9.189701496757809451e+00
2.955000000000000000e+02 9.178097765132795516e+00
2.960000000000000000e+02 9.166356810836782998e+00
2.965000000000000000e+02 9.154477494783968439e+00
2.970000000000000000e+02 9.142458676151791863e+00
2.975000000000000000e+02 9.130299212515769369e+00
2.980000000000000000e+02 9.117997959986528400e+00
2.985000000000000000e+02 9.105553773349033264e+00
2.990000000000000000e+02 9.092965506204043535e+00
2.995000000000000000e+02 9.080232011111759149e+00
3.000000000000000000e+02 9.067352139737694827e+00
3.005000000000000000e+02 9.054324743000753628e+00
3.010000000000000000e+02 9.041148671223524502e+00
3.015000000000000000e+02 9.027822774284809171e+00
3.020000000000000000e+02 9.014345901774335701e+00
3.025000000000000000e+02 9.000716903149736936e+00
3.030000000000000000e+02 8.986934627895713845e+00
3.035000000000000000e+02 8.972997925685454845e+00
3.040000000000000000e+02 8.958905646544259582e+00
3.045000000000000000e+02 8.944656641015420462e+00
3.050000000000000000e+02 8.930249760328326403e+00
3.055000000000000000e+02 8.915683856568811905e+00
3.060000000000000000e+02 8.900957782851788735e+00
3.065000000000000000e+02 8.886070393496101616e+00
3.070000000000000000e+02 8.871020544201707381e+00
3.075000000000000000e+02 8.855807092229120769e+00
3.080000000000000000e+02 8.840428896581219220e+00
3.085000000000000000e+02 8.824884818187376467e+00
3.090000000000000000e+02 8.809173720089999549e+00
3.095000000000000000e+02 8.793294467633504752e+00
3.100000000000000000e+02 8.777245928655796448e+00
3.105000000000000000e+02 8.761026973682303876e+00
3.110000000000000000e+02 8.744636476122675361e+00
3.115000000000000000e+02 8.728073312470231215e+00
3.120000000000000000e+02 8.711336362504304986e+00
3.125000000000000000e+02 8.694424509495616959e+00
3.130000000000000000e+02 8.677336640414878843e+00
3.135000000000000000e+02 8.660071646144826829e+00
3.140000000000000000e+02 8.642628421695999208e+00
3.145000000000000000e+02 8.625005866426489476e+00
3.150000000000000000e+02 8.607202884266149212e+00
3.155000000000000000e+02 8.589218383945617319e+00
3.160000000000000000e+02 8.571051279230735176e+00
3.165000000000000000e+02 8.552700489162972985e+00
3.170000000000000000e+02 8.534164938306583181e+00
3.175000000000000000e+02 8.515443557003395725e+00
3.180000000000000000e+02 8.496535281636230508e+00
3.185000000000000000e+02 8.477439054902131232e+00
3.190000000000000000e+02 8.458153826096847183e+00
3.195000000000000000e+02 8.438678551412147399e+00
3.200000000000000000e+02 8.419012194247908809e+00
3.205000000000000000e+02 8.399153725541143700e+00
3.210000000000000000e+02 8.379102124114560013e+00
3.215000000000000000e+02 8.358856377047576558e+00
3.220000000000000000e+02 8.338415480073248176e+00
3.225000000000000000e+02 8.317778438005019481e+00
3.230000000000000000e+02 8.296944265197819135e+00
3.235000000000000000e+02 8.275911986048763325e+00
3.240000000000000000e+02 8.254680635543342859e+00
3.245000000000000000e+02 8.233249259853989699e+00
3.250000000000000000e+02 8.211616916998750071e+00
3.255000000000000000e+02 8.189782677568935298e+00
3.260000000000000000e+02 8.167745625535843601e+00
3.265000000000000000e+02 8.145504859147910892e+00
3.270000000000000000e+02 8.123059491931277520e+00
3.275000000000000000e+02 8.100408653808287340e+00
3.280000000000000000e+02 8.077551492350430351e+00
3.285000000000000000e+02 8.054487174184117748e+00
3.290000000000000000e+02 8.031214886570110068e+00
3.295000000000000000e+02 8.007733839179714153e+00
3.300000000000000000e+02 7.984043266093723723e+00
3.305000000000000000e+02 7.960142428052891184e+00
3.310000000000000000e+02 7.936030614992066745e+00
3.315000000000000000e+02 7.911707148893505348e+00
3.320000000000000000e+02 7.887171386998689471e+00
3.325000000000000000e+02 7.862422725422022474e+00
3.330000000000000000e+02 7.837460603214095656e+00
3.335000000000000000e+02 7.812284506926891581e+00
3.340000000000000000e+02 7.786893975738178320e+00
3.345000000000000000e+02 7.761288607197596612e+00
3.350000000000000000e+02 7.735468063662393590e+00
3.355000000000000000e+02 7.709432079496541412e+00
3.360000000000000000e+02 7.683180469112919297e+00
3.365000000000000000e+02 7.656713135944443138e+00
3.370000000000000000e+02 7.630030082436341843e+00
3.375000000000000000e+02 7.603131421158272119e+00
3.380000000000000000e+02 7.576017387141424919e+00
3.385000000000000000e+02 7.548688351552322651e+00
3.390000000000000000e+02 7.521144836821356705e+00
3.395000000000000000e+02 7.493387533350367669e+00
3.400000000000000000e+02 7.465417317929442298e+00
3.405000000000000000e+02 7.437235273998619611e+00
3.410000000000000000e+02 7.408842713895106513e+00
3.415000000000000000e+02 7.380241203230859526e+00
3.420000000000000000e+02 7.351432587548699438e+00
3.425000000000000000e+02 7.322419021407468698e+00
3.430000000000000000e+02 7.293203000047733475e+00
3.435000000000000000e+02 7.263787393789143287e+00
3.440000000000000000e+02 7.234175485308435682e+00
3.445000000000000000e+02 7.204371009943014492e+00
3.450000000000000000e+02 7.174378199158834235e+00
3.455000000000000000e+02 7.144201827312657294e+00
3.460000000000000000e+02 7.113847261827372037e+00
3.465000000000000000e+02 7.083320516884771045e+00
3.470000000000000000e+02 7.052628310722598215e+00
3.475000000000000000e+02 7.021778126601605052e+00
3.480000000000000000e+02 6.990778277483544301e+00
3.485000000000000000e+02 6.959637974432189900e+00
3.490000000000000000e+02 6.928367398716376080e+00
3.495000000000000000e+02 6.896977777556615230e+00
3.500000000000000000e+02 6.865481463414671026e+00
3.505000000000000000e+02 6.833892016678676740e+00
3.510000000000000000e+02 6.802224291544698431e+00
3.515000000000000000e+02 6.770494524839089756e+00
3.520000000000000000e+02 6.738720427464639506e+00
3.525000000000000000e+02 6.706921278087334848e+00
3.530000000000000000e+02 6.675118018609893511e+00
3.535000000000000000e+02 6.643333350903095180e+00
3.540000000000000000e+02 6.611591834186953953e+00
3.545000000000000000e+02 6.579919982371036369e+00
3.550000000000000000e+02 6.548346360577668612e+00
3.555000000000000000e+02 6.516901679983609696e+00
3.560000000000000000e+02 6.485618890026140448e+00
3.565000000000000000e+02 6.454533266928986990e+00
3.570000000000000000e+02 6.423682497413271797e+00
3.575000000000000000e+02 6.393106756369717480e+00
3.580000000000000000e+02 6.362848777181870474e+00
3.585000000000000000e+02 6.332953913307565408e+00
3.590000000000000000e+02 6.303470189648459510e+00
3.595000000000000000e+02 6.274448342166943249e+00
3.600000000000000000e+02 6.245941844147487210e+00
3.605000000000000000e+02 6.218006917447367776e+00
3.610000000000000000e+02 6.190702527041226588e+00
3.615000000000000000e+02 6.164090357136974951e+00
3.620000000000000000e+02 6.138234767128890823e+00
3.625000000000000000e+02 6.113202725658939407e+00
3.630000000000000000e+02 6.089063721081345193e+00
3.635000000000000000e+02 6.065889646669654134e+00
3.640000000000000000e+02 6.043754658971590032e+00
3.645000000000000000e+02 6.022735007806335084e+00
3.650000000000000000e+02 6.002908836512562907e+00
3.655000000000000000e+02 5.984355951194847201e+00
3.660000000000000000e+02 5.967157557881531460e+00
3.665000000000000000e+02 5.951395966699519313e+00
3.670000000000000000e+02 5.937154262390747839e+00
3.675000000000000000e+02 5.924515940741471809e+00
3.680000000000000000e+02 5.913564510768187787e+00
3.685000000000000000e+02 5.904383062802433635e+00
3.690000000000000000e+02 5.897053802939446143e+00
3.695000000000000000e+02 5.891657554661053453e+00
3.700000000000000000e+02 5.888273228809165261e+00
3.705000000000000000e+02 5.886977263470151378e+00
3.710000000000000000e+02 5.887843035729357410e+00
3.715000000000000000e+02 5.890940247665414908e+00
3.720000000000000000e+02 5.896334289372106241e+00
3.725000000000000000e+02 5.904085582217001971e+00
3.730000000000000000e+02 5.914248905966234204e+00
3.735000000000000000e+02 5.926872713818669425e+00
3.740000000000000000e+02 5.941998439795036724e+00
3.745000000000000000e+02 5.959659803312858273e+00
3.750000000000000000e+02 5.979882116140486481e+00
3.755000000000000000e+02 6.002681597257462087e+00
3.760000000000000000e+02 6.028064701447940266e+00
3.765000000000000000e+02 6.056027467713299473e+00
3.770000000000000000e+02 6.086554893803509891e+00
3.775000000000000000e+02 6.119620343329155610e+00
3.780000000000000000e+02 6.155184992021885293e+00
3.785000000000000000e+02 6.193197319755878283e+00
3.790000000000000000e+02 6.233592654922476051e+00
3.795000000000000000e+02 6.276292777660753330e+00
3.800000000000000000e+02 6.321205588285576660e+00
3.805000000000000000e+02 6.368224847019422263e+00
3.810000000000000000e+02 6.417229990823523522e+00
3.815000000000000000e+02 6.468086032737268454e+00
3.820000000000000000e+02 6.520643548672760303e+00
3.825000000000000000e+02 6.574738756075349855e+00
3.830000000000000000e+02 6.630193688253434914e+00
3.835000000000000000e+02 6.686816467505215300e+00
3.840000000000000000e+02 6.744401679431147656e+00
3.845000000000000000e+02 6.802730850023834819e+00
3.850000000000000000e+02 6.861573026278965592e+00
3.855000000000000000e+02 6.920685460178808590e+00
3.860000000000000000e+02 6.979814394972271963e+00
3.865000000000000000e+02 7.038695951721809507e+00
3.870000000000000000e+02 7.097057113117307026e+00
3.875000000000000000e+02 7.154616800581026226e+00
3.880000000000000000e+02 7.211087039716686853e+00
3.885000000000000000e+02 7.266174208201092277e+00
3.890000000000000000e+02 7.319580359289687976e+00
3.895000000000000000e+02 7.371004613219926505e+00
3.900000000000000000e+02 7.420144607959102245e+00
3.905000000000000000e+02 7.466697999968172184e+00
3.910000000000000000e+02 7.510364004949986239e+00
3.915000000000000000e+02 7.550844967929800866e+00
3.920000000000000000e+02 7.587847951486939913e+00
3.925000000000000000e+02 7.621086330527404584e+00
3.930000000000000000e+02 7.650281381665391400e+00
3.935000000000000000e+02 7.675163855073148689e+00
3.940000000000000000e+02 7.695475516568197172e+00
3.945000000000000000e+02 7.710970647737966033e+00
3.950000000000000000e+02 7.721417492056533938e+00
3.955000000000000000e+02 7.726599635226532925e+00
3.960000000000000000e+02 7.726317308380498794e+00
3.965000000000000000e+02 7.720388603297227093e+00
3.970000000000000000e+02 7.708650589425847244e+00
3.975000000000000000e+02 7.690960323257487907e+00
3.980000000000000000e+02 7.667195741434649214e+00
3.985000000000000000e+02 7.637256429932768320e+00
3.990000000000000000e+02 7.601064262677630801e+00
3.995000000000000000e+02 7.558563904064707017e+00
4.000000000000000000e+02 7.509723171010856291e+00
4.005000000000000000e+02 7.454533251381722181e+00
4.010000000000000000e+02 7.393008776886580868e+00
4.015000000000000000e+02 7.325187749802186232e+00
4.020000000000000000e+02 7.251131324164050262e+00
4.025000000000000000e+02 7.170923443333392377e+00
4.030000000000000000e+02 7.084670337096407700e+00
4.035000000000000000e+02 6.992499882665443423e+00
4.040000000000000000e+02 6.894560835115888686e+00
4.045000000000000000e+02 6.791021933895258655e+00
4.050000000000000000e+02 6.682070893069832707e+00
4.055000000000000000e+02 6.567913283918823453e+00
4.060000000000000000e+02 6.448771319336120911e+00
4.065000000000000000e+02 6.324882550246933910e+00
4.070000000000000000e+02 6.196498484883727897e+00
4.075000000000000000e+02 6.063883142287193273e+00
4.080000000000000000e+02 5.927311551799125056e+00
4.085000000000000000e+02 5.787068210592588358e+00
4.090000000000000000e+02 5.643445511439235673e+00
4.095000000000000000e+02 5.496742152944778859e+00
4.100000000000000000e+02 5.347261544393179911e+00
4.105000000000000000e+02 5.195310217131553721e+00
4.110000000000000000e+02 5.041196254106029784e+00
4.115000000000000000e+02 4.885227748729642272e+00
4.120000000000000000e+02 4.727711303734412951e+00
4.125000000000000000e+02 4.568950580039161657e+00
4.130000000000000000e+02 4.409244904961559186e+00
4.135000000000000000e+02 4.248887948327698894e+00
4.140000000000000000e+02 4.088166474195370270e+00
4.145000000000000000e+02 3.927359175019588200e+00
4.150000000000000000e+02 3.766735594162001100e+00
4.155000000000000000e+02 3.606555141691080824e+00
4.160000000000000000e+02 3.447066207449000608e+00
4.165000000000000000e+02 3.288505374385107149e+00
4.170000000000000000e+02 3.131096734185640162e+00
4.175000000000000000e+02 2.975051306275766638e+00
4.180000000000000000e+02 2.820566560342324891e+00
4.185000000000000000e+02 2.667826041633788225e+00
4.190000000000000000e+02 2.516999097445589140e+00
4.195000000000000000e+02 2.368240702402149900e+00
4.200000000000000000e+02 2.221691379407893407e+00
4.205000000000000000e+02 2.077477212463955336e+00
4.210000000000000000e+02 1.935709946939790704e+00
4.215000000000000000e+02 1.796487172352764228e+00
4.220000000000000000e+02 1.659892582246828230e+00
4.225000000000000000e+02 1.525996305374683004e+00
4.230000000000000000e+02 1.394855302077201209e+00
4.235000000000000000e+02 1.266513819518560346e+00
4.240000000000000000e+02 1.141003899274314115e+00
4.245000000000000000e+02 1.018345930680262246e+00
4.250000000000000000e+02 8.985492433295541037e-01
4.255000000000000000e+02 7.816127321502555070e-01
4.260000000000000000e+02 6.675255086015051686e-01
4.265000000000000000e+02 5.562675716886897881e-01
4.270000000000000000e+02 4.478104927115452716e-01
4.275000000000000000e+02 3.421181079184597573e-01
4.280000000000000000e+02 2.391472135397596510e-01
4.285000000000000000e+02 1.388482580067185168e-01
4.290000000000000000e+02 4.116602652544587571e-02
4.295000000000000000e+02 -5.395968643987492097e-02
4.300000000000000000e+02 -1.465934208176313813e-01
4.305000000000000000e+02 -2.368034143426764881e-01
4.310000000000000000e+02 -3.246609889426377293e-01
4.315000000000000000e+02 -4.102399628843821922e-01
4.320000000000000000e+02 -4.936160910503009092e-01
4.325000000000000000e+02 -5.748665353035777859e-01
4.330000000000000000e+02 -6.540693665027567105e-01
4.335000000000000000e+02 -7.313030993419050718e-01
4.340000000000000000e+02 -8.066462608267481738e-01
4.345000000000000000e+02 -8.801769928517161334e-01
4.350000000000000000e+02 -9.519726890200700398e-01
4.355000000000000000e+02 -1.022109665550990032e+00
4.360000000000000000e+02 -1.090662865844612694e+00
4.365000000000000000e+02 -1.157705598029834748e+00
4.370000000000000000e+02 -1.223309304600235015e+00
4.375000000000000000e+02 -1.287543363051231404e+00
4.380000000000000000e+02 -1.350474916265987479e+00
4.385000000000000000e+02 -1.412168731258415688e+00
4.390000000000000000e+02 -1.472687084767821952e+00
4.395000000000000000e+02 -1.532089674110497901e+00
4.400000000000000000e+02 -1.590433551627401743e+00
4.405000000000000000e+02 -1.647773081022963826e+00
4.410000000000000000e+02 -1.704159913865979092e+00
4.415000000000000000e+02 -1.759642984518389852e+00
4.420000000000000000e+02 -1.814268521769408782e+00
4.425000000000000000e+02 -1.868080075479428226e+00
4.430000000000000000e+02 -1.921118556578571779e+00
4.435000000000000000e+02 -1.973422288816914616e+00
4.440000000000000000e+02 -2.025027070725616163e+00
4.445000000000000000e+02 -2.075966246318781128e+00
4.450000000000000000e+02 -2.126270783143153320e+00
4.455000000000000000e+02 -2.175969356365409890e+00
4.460000000000000000e+02 -2.225088437673206965e+00
4.465000000000000000e+02 -2.273652387855109591e+00
4.470000000000000000e+02 -2.321683552014779828e+00
4.475000000000000000e+02 -2.369202356465298198e+00
4.480000000000000000e+02 -2.416227406439167336e+00
4.485000000000000000e+02 -2.462775583837645499e+00
4.490000000000000000e+02 -2.508862144328696697e+00
4.495000000000000000e+02 -2.554500813185483832e+00
4.500000000000000000e+02 -2.599703879336440426e+00
4.505000000000000000e+02 -2.644482287172956525e+00
4.510000000000000000e+02 -2.688845725731473291e+00
4.515000000000000000e+02 -2.732802714932895949e+00
4.520000000000000000e+02 -2.776360688623647377e+00
4.525000000000000000e+02 -2.819526074219151024e+00
4.530000000000000000e+02 -2.862304368802309096e+00
4.535000000000000000e+02 -2.904700211576250801e+00
4.540000000000000000e+02 -2.946717452612883203e+00
4.545000000000000000e+02 -2.988359217876120688e+00
4.550000000000000000e+02 -3.029627970531873604e+00
4.555000000000000000e+02 -3.070525568585591003e+00
4.560000000000000000e+02 -3.111053318913098664e+00
4.565000000000000000e+02 -3.151212027771399526e+00
4.570000000000000000e+02 -3.191002047893838345e+00
4.575000000000000000e+02 -3.230423322288180188e+00
4.580000000000000000e+02 -3.269475424867658298e+00
4.585000000000000000e+02 -3.308157598053609316e+00
4.590000000000000000e+02 -3.346468787494581321e+00
4.595000000000000000e+02 -3.384407674050806669e+00
4.600000000000000000e+02 -3.421972703195113485e+00
4.605000000000000000e+02 -3.459162111981665344e+00
4.610000000000000000e+02 -3.495973953732996353e+00
4.615000000000000000e+02 -3.532406120593438281e+00
4.620000000000000000e+02 -3.568456364093679500e+00
4.625000000000000000e+02 -3.604122313867056171e+00
4.630000000000000000e+02 -3.639401494653117020e+00
4.635000000000000000e+02 -3.674291341718632253e+00
4.640000000000000000e+02 -3.708789214820215285e+00
4.645000000000000000e+02 -3.742892410826582861e+00
4.650000000000000000e+02 -3.776598175112046984e+00
4.655000000000000000e+02 -3.809903711826328809e+00
4.660000000000000000e+02 -3.842806193139323145e+00
4.665000000000000000e+02 -3.875302767552917249e+00
4.670000000000000000e+02 -3.907390567365692124e+00
4.675000000000000000e+02 -3.939066715370127092e+00
4.680000000000000000e+02 -3.970328330855914967e+00
4.685000000000000000e+02 -4.001172534987336604e+00
4.690000000000000000e+02 -4.031596455617088459e+00
4.695000000000000000e+02 -4.061597231593746749e+00
4.700000000000000000e+02 -4.091172016615177043e+00
4.705000000000000000e+02 -4.120317982675479662e+00
4.710000000000000000e+02 -4.149032323148832191e+00
4.715000000000000000e+02 -4.177312255549393782e+00
4.720000000000000000e+02 -4.205155024002832143e+00
4.725000000000000000e+02 -4.232557901461404093e+00
4.730000000000000000e+02 -4.259518191691440414e+00
4.735000000000000000e+02 -4.286033231059016124e+00
4.740000000000000000e+02 -4.312100390136963668e+00
4.745000000000000000e+02 -4.337717075153890711e+00
4.750000000000000000e+02 -4.362880729303594940e+00
4.755000000000000000e+02 -4.387588833931260091e+00
4.760000000000000000e+02 -4.411838909610947823e+00
4.765000000000000000e+02 -4.435628517127235604e+00
4.770000000000000000e+02 -4.458955258372359509e+00
4.775000000000000000e+02 -4.481816777168846855e+00
4.780000000000000000e+02 -4.504210760026453819e+00
4.785000000000000000e+02 -4.526134936841124556e+00
4.790000000000000000e+02 -4.547587081542682874e+00
4.795000000000000000e+02 -4.568565012697235694e+00
4.800000000000000000e+02 -4.589066594069352689e+00
4.805000000000000000e+02 -4.609089735148553579e+00
4.810000000000000000e+02 -4.628632391643948019e+00
4.815000000000000000e+02 -4.647692565950401367e+00
4.820000000000000000e+02 -4.666268307589145792e+00
4.825000000000000000e+02 -4.684357713625298736e+00
4.830000000000000000e+02 -4.701958929064488757e+00
4.835000000000000000e+02 -4.719070147230391754e+00
4.840000000000000000e+02 -4.735689610124773630e+00
4.845000000000000000e+02 -4.751815608771400967e+00
4.850000000000000000e+02 -4.767446483544917513e+00
4.855000000000000000e+02 -4.782580624485726517e+00
4.860000000000000000e+02 -4.797216471601631227e+00
4.865000000000000000e+02 -4.811352515156984033e+00
4.870000000000000000e+02 -4.824987295949875410e+00
4.875000000000000000e+02 -4.838119405577891996e+00
4.880000000000000000e+02 -4.850747486692829291e+00
4.885000000000000000e+02 -4.862870233244687590e+00
4.890000000000000000e+02 -4.874486390715239814e+00
4.895000000000000000e+02 -4.885594756341405720e+00
4.900000000000000000e+02 -4.896194179328600349e+00
4.905000000000000000e+02 -4.906283561054204156e+00
4.910000000000000000e+02 -4.915861855261298707e+00
4.915000000000000000e+02 -4.924928068242747869e+00
4.920000000000000000e+02 -4.933481259015677800e+00
4.925000000000000000e+02 -4.941520539486455199e+00
4.930000000000000000e+02 -4.949045074606174488e+00
4.935000000000000000e+02 -4.956054082516686776e+00
4.940000000000000000e+02 -4.962546834687211472e+00
4.945000000000000000e+02 -4.968522656041537644e+00
4.950000000000000000e+02 -4.973980925075787596e+00
4.955000000000000000e+02 -4.978921073966825261e+00
4.960000000000000000e+02 -4.983342588671216156e+00
4.965000000000000000e+02 -4.987245009014820596e+00
4.970000000000000000e+02 -4.990627928772960686e+00
4.975000000000000000e+02 -4.993490995741177940e+00
4.980000000000000000e+02 -4.995833911796577986e+00
4.985000000000000000e+02 -4.997656432949754368e+00
4.990000000000000000e+02 -4.998958369387277223e+00
4.995000000000000000e+02 -4.999739585504776151e+00
